scores: [0.8688690295253961, 0.8474582384665931, 0.8408425495701483, 0.8593360790375959, 0.7965016179914753, 0.989272709416867, 0.8173590241405909, 0.8507686004516625, 0.8615388560680085, 0.9554574214155208, 0.8273431899874988, 0.8877432374264961, 0.8389141127769367, 0.8908526490003357, 0.8665063113922601, 0.8106364345195546, 0.9523636370729781, 0.8470702157658827, 0.8732833295408682, 0.9918514842519018]
evaluation_score: 0.874
cost: 0.4057
