scores: [0.8634574838768811, 0.8538909244177189, 0.8475375153263378, 0.8610387241746839, 0.7858153735079553, 0.9805233768530947, 0.8234681144964021, 0.842727815611139, 0.8982372759665438, 0.9007763889440472, 0.824810554899196, 0.9003123439098382, 0.8586966828530972, 0.882986521955733, 0.856520781589103, 0.812115743967197, 0.9898556341990569, 0.8604966446135304, 0.901358470790752, 0.9821977729277428]
evaluation_score: 0.876
cost: 0.41107
