scores: [0.8814624940472251, 0.8471557426673323, 0.8463145191212407, 0.8459298734704038, 0.7916842616263319, 0.9423571786923057, 0.8234348132367606, 0.8591729688469046, 0.8400969489223418, 0.9284526111978512, 0.8322090228429225, 0.9487730597544944, 0.8539696899965827, 0.8854502998608155, 0.8645219458659291, 0.8167416050643717, 0.9958214053898891, 0.8705742089736701, 0.8492720253836815, 0.9387901097994714]
evaluation_score: 0.873
cost: 0.40942
