scores: [0.863021335363244, 0.8419523960864236, 0.8416869205989015, 0.867698704367525, 0.77049027089765, 0.9876919277907408, 0.8231433930917913, 0.8393355886369978, 0.8577631378699504, 0.8897992472511327, 0.815134722844968, 0.9560277096896004, 0.8417344763297917, 0.9460286241305556, 0.8692090756940857, 0.8259985095025281, 0.9964855022707584, 0.8880479118580377, 0.9806438590509646, 0.9732149677588356]
evaluation_score: 0.884
cost: 0.40618
